# Signatures Produced by ClassSig from 
#    Class-Grid __1000001
#    and Stack __1000000

#    Number of selected grids
/*           6
#    Layer-Number    Band-name
/*           1       ldsat2000.img\Resize__Warp__ETM+_BAND_1_la0000
/*           2       ldsat2000.img\Resize__Warp__ETM+_BAND_2_la0001
/*           3       ldsat2000.img\Resize__Warp__ETM+_BAND_3_la0002
/*           4       ldsat2000.img\Resize__Warp__ETM+_BAND_4_la0003
/*           5       ldsat2000.img\Resize__Warp__ETM+_BAND_5_la0004
/*           6       ldsat2000.img\Resize__Warp__ETM+_BAND_7_la0005

#  Type   Number of Classes   Number of Layers    Number of Parametric Layers
    1             6                  6                         6
# ===================================================================

#  Class ID     Number of Cells    Class Name
        1             48743         1
# Layers             1             2             3             4             5             6
# Means    
                 59.00714      44.97150      36.08192      16.10399       9.53382       9.01231
# Covariance
    1            78.31024     110.34485     163.36358      47.97037       1.41562       0.73507
    2           110.34485     160.17302     235.84397      69.28518       2.35644       1.20639
    3           163.36358     235.84397     353.76361     107.16014       5.91918       3.13743
    4            47.97037      69.28518     107.16014      44.55196      12.51502       6.83958
    5             1.41562       2.35644       5.91918      12.51502      15.87629       8.67926
    6             0.73507       1.20639       3.13743       6.83958       8.67926       6.24957
# -------------------------------------------------------------------

#  Class ID     Number of Cells    Class Name
        2               730         2
# Layers             1             2             3             4             5             6
# Means    
                124.82055     124.92055     136.75479      69.49452      41.61096      32.16027
# Covariance
    1           857.58229     808.67571     882.90793     858.22055     399.07138     131.25788
    2           808.67571     790.77008     879.64030     810.87062     293.02255      47.40370
    3           882.90793     879.64030    1141.77107    1224.24900     651.69734     290.41247
    4           858.22055     810.87062    1224.24900    1752.01712    1480.73861     950.32804
    5           399.07138     293.02255     651.69734    1480.73861    1999.08575    1500.22156
    6           131.25788      47.40370     290.41247     950.32804    1500.22156    1213.12791
# -------------------------------------------------------------------

#  Class ID     Number of Cells    Class Name
        3              1944         3
# Layers             1             2             3             4             5             6
# Means    
                 51.70267      36.61883      30.37191      60.92233      41.82870      23.90792
# Covariance
    1             3.49055       1.76155       3.60935      -2.29742       8.92331       6.12701
    2             1.76155       2.64979       3.17375       1.44078       7.75351       4.85989
    3             3.60935       3.17375       8.33150      -3.29637      16.90625      11.47533
    4            -2.29742       1.44078      -3.29637      28.37122      -6.53055      -8.39161
    5             8.92331       7.75351      16.90625      -6.53055      46.50847      30.15869
    6             6.12701       4.85989      11.47533      -8.39161      30.15869      22.25348
# -------------------------------------------------------------------

#  Class ID     Number of Cells    Class Name
        4             12751         4
# Layers             1             2             3             4             5             6
# Means    
                 57.37495      42.40452      43.31833      55.28876      68.43691      43.14948
# Covariance
    1             9.74371      11.52008      19.78259      14.01258      32.06911      22.12583
    2            11.52008      17.38459      28.73193      23.22326      46.23258      31.20086
    3            19.78259      28.73193      53.50266      38.93278      86.00373      57.75249
    4            14.01258      23.22326      38.93278      65.86485      82.35728      48.96021
    5            32.06911      46.23258      86.00373      82.35728     203.81106     132.62488
    6            22.12583      31.20086      57.75249      48.96021     132.62488      90.83679
# -------------------------------------------------------------------

#  Class ID     Number of Cells    Class Name
        5             15214         5
# Layers             1             2             3             4             5             6
# Means    
                 61.12600      48.35139      53.00749      63.77876      83.87216      52.94886
# Covariance
    1             8.80401       9.20163      15.81106       5.08717      23.53041      19.51220
    2             9.20163      13.66236      20.10760      15.56917      26.03309      19.09126
    3            15.81106      20.10760      40.97937      13.17907      55.20125      41.17168
    4             5.08717      15.56917      13.17907      84.76312      19.34173      -1.70519
    5            23.53041      26.03309      55.20125      19.34173     148.06444     117.32357
    6            19.51220      19.09126      41.17168      -1.70519     117.32357     104.86178
# -------------------------------------------------------------------

#  Class ID     Number of Cells    Class Name
        6              3012         6
# Layers             1             2             3             4             5             6
# Means    
                 92.82537      81.05744      90.55113      78.46448      85.40438      66.72875
# Covariance
    1           726.84694     739.56865     851.78044     437.42089     360.57712     336.91010
    2           739.56865     770.61344     896.51134     469.40639     391.87315     352.54531
    3           851.78044     896.51134    1065.63903     559.49816     481.85477     426.19870
    4           437.42089     469.40639     559.49816     391.46370     326.12696     216.28943
    5           360.57712     391.87315     481.85477     326.12696     430.66937     336.74938
    6           336.91010     352.54531     426.19870     216.28943     336.74938     361.15822
